v 0.000000 0.012435 -0.735253
v 0.000000 0.012435 0.747620
v 0.000000 0.232470 -0.794666
v 0.000000 0.232471 0.792916
v 0.000000 0.263945 -0.728943
v 0.000000 0.263945 0.728942
v 0.000000 0.512717 -0.796101
v 0.000000 0.512717 0.796101
v 0.000000 0.654111 -0.563094
v 0.000000 0.654111 0.563093
v 0.000000 1.227188 -0.740888
v 0.000000 2.102197 -0.829550
v 0.000000 3.025392 -0.447620
v 0.000000 2.165497 0.210734
v 0.000000 2.858960 0.501137
v 0.000000 3.142062 0.259747
v 0.000000 2.598090 0.917750
v 0.000000 2.130675 0.649931
v 0.000000 0.982419 -0.634393
v 0.000000 0.982419 0.634393
v 0.000000 2.595027 -0.764272
v 0.000000 1.663777 -0.777610
v 0.000000 3.182949 0.046819
v 0.000000 2.210858 0.509855
v 0.000000 3.096599 -0.165742
v 0.000000 2.341308 0.851416
v 0.000000 0.796833 0.500667
v 0.000000 0.796833 -0.500667
v 0.000000 1.089319 -0.428749
v 0.000000 1.089319 0.432395
v 0.000000 0.894090 -0.511710
v 0.000000 0.894090 0.511710
v 0.545275 0.012435 0.530458
v 0.762437 0.012435 0.006183
v 0.545275 0.012435 -0.518091
v 0.558438 0.232471 0.560420
v 0.558438 0.232470 -0.562170
v 0.790934 0.232471 -0.000875
v 0.515421 0.263945 0.515440
v 0.515421 0.263945 -0.515440
v 0.728923 0.263945 -0.000000
v 0.562909 0.512717 0.562928
v 0.796082 0.512717 -0.000000
v 0.562909 0.512717 -0.562928
v 0.456418 0.654111 0.398167
v 0.456418 0.654111 -0.398167
v 0.611800 0.654111 -0.000000
v 0.140645 1.227188 0.794916
v 0.599701 1.227188 -0.088196
v 0.478484 1.227188 -0.516765
v 0.221884 2.131783 0.046754
v 0.308756 2.097043 -0.283129
v 0.216453 2.101768 -0.716129
v 0.203531 2.173496 0.202870
v 0.312791 2.728711 -0.078264
v 0.296509 2.511348 0.092167
v 0.164434 2.138877 0.643409
v 0.231444 2.856112 0.501729
v 0.238152 3.114835 0.236985
v 0.160940 2.593989 0.894988
v 0.423891 0.982419 0.448583
v 0.423891 0.982419 -0.448584
v 0.609701 0.982419 -0.000000
v 0.241771 2.580331 -0.649662
v 0.303001 2.462603 -0.324588
v 0.169134 1.678969 0.477450
v 0.244729 1.665804 -0.648642
v 0.391245 1.659477 -0.121500
v 0.312654 3.025392 -0.356859
v 0.260758 3.168747 0.037920
v 0.171798 3.308393 -0.163132
v 0.311488 3.300205 -0.135498
v 0.253868 3.366843 0.065760
v 0.188425 3.369612 0.059306
v 0.288725 3.053869 -0.061656
v 0.253188 2.619188 0.455877
v 0.164841 2.219061 0.503332
v 0.269054 2.786412 0.271201
v 0.521255 1.226878 0.467701
v 0.261513 2.320387 0.218807
v 0.169187 2.343359 0.836774
v 0.267708 2.325023 0.027598
v 0.283757 1.672428 0.294931
v 0.238770 2.427856 0.547562
v 0.519940 0.796833 -0.000000
v 0.375382 0.796833 -0.354025
v 0.375382 0.796833 0.354025
v 0.444646 1.089319 -0.037804
v 0.360719 1.089319 -0.303337
v 0.351564 1.086705 0.305128
v 0.513166 0.894090 -0.000000
v 0.363290 0.894090 0.361833
v 0.363290 0.894090 -0.361834
v 0.528923 -0.002770 -0.502691
v 0.739705 -0.002769 0.006183
v 0.528923 -0.002769 0.515058
v 0.000000 -0.002769 0.725840
v 0.000000 -0.002770 -0.713473
v 0.000000 1.678969 0.477450
v 0.000000 1.227188 0.794916
v 0.000000 2.104874 0.103548
v 0.000000 1.445482 -0.759249
v 0.154889 1.453078 0.647781
v 0.344771 1.446496 -0.582703
v 0.465919 1.443262 -0.088097
v 0.373384 1.445080 0.414219
v 0.000000 1.453078 0.647781
v 0.000000 0.932455 -0.613337
v 0.000000 0.932455 0.613337
v 0.601175 0.932455 -0.000000
v 0.421533 0.932455 0.433695
v 0.421533 0.932455 -0.433695
v 0.000000 0.317806 -0.770040
v 0.000000 0.317806 0.770039
v 0.544481 0.317806 -0.544500
v 0.770020 0.317806 -0.000000
v 0.544481 0.317806 0.544500
v 0.000000 0.080151 -0.775054
v 0.000000 0.080151 0.786290
v 0.783403 0.080151 0.005618
v 0.554750 0.080151 0.557637
v 0.554750 0.080151 -0.546400
v 0.277800 0.232471 0.676668
v 0.282671 0.012435 0.639039
v 0.257710 0.263945 0.622191
v 0.281455 0.512717 0.679515
v 0.228209 0.654111 0.480630
v 0.211946 0.982419 0.541488
v 0.187691 0.796833 0.427346
v 0.175782 1.088012 0.368761
v 0.181645 0.894090 0.436772
v 0.274495 -0.002769 0.620449
v 0.210766 0.932455 0.523516
v 0.272240 0.317806 0.657270
v 0.286262 0.080151 0.671963
v 0.000000 1.191604 -0.712222
v 0.585128 1.191604 -0.079110
v 0.464776 1.191604 -0.496764
v 0.498701 1.190770 0.462300
v 0.000000 1.191604 0.764595
v 0.140138 1.191317 0.750610
v -0.545275 0.012435 0.530458
v -0.762437 0.012435 0.006183
v -0.545275 0.012435 -0.518091
v -0.558438 0.232471 0.560420
v -0.558438 0.232470 -0.562170
v -0.790934 0.232471 -0.000875
v -0.515421 0.263945 0.515440
v -0.515421 0.263945 -0.515440
v -0.728923 0.263945 -0.000000
v -0.562909 0.512717 0.562928
v -0.796082 0.512717 -0.000000
v -0.562909 0.512717 -0.562928
v -0.456418 0.654111 0.398167
v -0.456418 0.654111 -0.398167
v -0.611800 0.654111 -0.000000
v -0.140645 1.227188 0.794916
v -0.599701 1.227188 -0.088196
v -0.478484 1.227188 -0.516765
v -0.221884 2.131783 0.046754
v -0.308756 2.097043 -0.283129
v -0.216453 2.101768 -0.716129
v -0.203531 2.173496 0.202870
v -0.312791 2.728711 -0.078264
v -0.296509 2.511348 0.092167
v -0.164434 2.138877 0.643409
v -0.231444 2.856112 0.501729
v -0.238152 3.114835 0.236985
v -0.160940 2.593989 0.894988
v -0.423891 0.982419 0.448583
v -0.423891 0.982419 -0.448584
v -0.609701 0.982419 -0.000000
v -0.241771 2.580331 -0.649662
v -0.303001 2.462603 -0.324588
v -0.169134 1.678969 0.477450
v -0.244729 1.665804 -0.648642
v -0.391245 1.659477 -0.121500
v -0.312654 3.025392 -0.356859
v -0.260758 3.168747 0.037920
v -0.171798 3.308393 -0.163132
v -0.311488 3.300205 -0.135498
v -0.253868 3.366843 0.065760
v -0.188425 3.369612 0.059306
v -0.288725 3.053869 -0.061656
v -0.253188 2.619188 0.455877
v -0.164841 2.219061 0.503332
v -0.269054 2.786412 0.271201
v -0.521255 1.226878 0.467701
v -0.261513 2.320387 0.218807
v -0.169187 2.343359 0.836774
v -0.267708 2.325023 0.027598
v -0.283757 1.672428 0.294931
v -0.238770 2.427856 0.547562
v -0.519940 0.796833 -0.000000
v -0.375382 0.796833 -0.354025
v -0.375382 0.796833 0.354025
v -0.444646 1.089319 -0.037804
v -0.360719 1.089319 -0.303337
v -0.351564 1.086705 0.305128
v -0.513166 0.894090 -0.000000
v -0.363290 0.894090 0.361833
v -0.363290 0.894090 -0.361834
v -0.528923 -0.002770 -0.502691
v -0.739705 -0.002769 0.006183
v -0.528923 -0.002769 0.515058
v -0.154889 1.453078 0.647781
v -0.344771 1.446496 -0.582703
v -0.465919 1.443262 -0.088097
v -0.373384 1.445080 0.414219
v -0.601175 0.932455 -0.000000
v -0.421533 0.932455 0.433695
v -0.421533 0.932455 -0.433695
v -0.544481 0.317806 -0.544500
v -0.770020 0.317806 -0.000000
v -0.544481 0.317806 0.544500
v -0.783403 0.080151 0.005618
v -0.554750 0.080151 0.557637
v -0.554750 0.080151 -0.546400
v -0.277800 0.232471 0.676668
v -0.282671 0.012435 0.639039
v -0.257710 0.263945 0.622191
v -0.281455 0.512717 0.679515
v -0.228209 0.654111 0.480630
v -0.211946 0.982419 0.541488
v -0.187691 0.796833 0.427346
v -0.175782 1.088012 0.368761
v -0.181645 0.894090 0.436772
v -0.274495 -0.002769 0.620449
v -0.210766 0.932455 0.523516
v -0.272240 0.317806 0.657270
v -0.286262 0.080151 0.671963
v -0.585128 1.191604 -0.079110
v -0.464776 1.191604 -0.496764
v -0.498701 1.190770 0.462300
v -0.140138 1.191317 0.750610
f 126 114 134
f 103 99 107
f 5 37 3
f 38 40 41
f 38 39 36
f 120 36 121
f 122 38 120
f 118 37 122
f 123 119 135
f 43 117 116
f 44 113 7
f 123 6 4
f 43 115 44
f 43 45 42
f 126 45 127
f 44 9 46
f 46 43 44
f 22 53 67
f 68 51 83
f 67 52 68
f 13 64 21
f 65 56 82
f 69 65 64
f 54 101 51
f 82 56 80
f 59 23 16
f 84 60 81
f 59 78 75
f 76 58 60
f 57 24 77
f 59 15 58
f 60 15 17
f 60 26 81
f 112 63 110
f 133 61 128
f 108 62 112
f 111 63 61
f 53 65 52
f 52 82 51
f 21 53 12
f 104 68 105
f 105 83 106
f 102 67 104
f 71 69 13
f 75 70 59
f 23 71 13
f 72 70 75
f 70 74 23
f 69 72 75
f 77 14 54
f 56 78 76
f 75 55 69
f 80 76 84
f 80 77 54
f 81 18 57
f 84 57 77
f 82 54 51
f 66 83 51
f 45 85 87
f 9 86 46
f 127 87 129
f 46 85 47
f 137 90 88
f 137 89 138
f 61 130 128
f 138 29 136
f 139 130 90
f 63 90 61
f 63 89 88
f 87 91 92
f 28 93 86
f 129 92 131
f 86 91 85
f 35 95 94
f 124 97 132
f 1 94 98
f 33 95 34
f 62 29 89
f 66 101 99
f 106 66 103
f 11 104 50
f 49 106 79
f 50 105 49
f 48 107 100
f 92 110 111
f 31 112 93
f 92 133 131
f 93 110 91
f 41 117 39
f 41 115 116
f 134 6 125
f 5 115 40
f 74 72 71
f 135 2 124
f 1 122 35
f 35 120 34
f 120 33 34
f 121 124 33
f 39 134 125
f 32 133 109
f 124 96 33
f 27 131 32
f 140 48 100
f 128 30 20
f 127 27 10
f 109 128 20
f 126 10 8
f 39 123 36
f 36 135 121
f 126 117 42
f 79 103 48
f 30 141 140
f 79 141 139
f 50 136 11
f 49 138 50
f 79 137 49
f 222 114 8
f 99 206 107
f 146 5 3
f 147 149 146
f 148 147 145
f 216 145 147
f 218 147 146
f 118 146 3
f 119 219 231
f 214 151 152
f 113 153 7
f 219 6 221
f 213 152 153
f 154 152 151
f 222 154 151
f 153 9 7
f 152 155 153
f 22 162 12
f 160 177 192
f 176 161 162
f 173 13 21
f 165 174 191
f 174 178 173
f 101 163 160
f 191 189 165
f 168 23 179
f 193 169 185
f 187 168 184
f 185 167 187
f 24 166 186
f 168 15 16
f 169 15 167
f 26 169 190
f 212 172 171
f 229 170 211
f 171 108 212
f 211 172 210
f 162 174 173
f 191 161 160
f 162 21 12
f 207 177 176
f 192 208 209
f 102 176 22
f 178 180 13
f 184 168 179
f 180 23 13
f 179 181 184
f 179 183 182
f 178 184 181
f 14 186 163
f 165 187 164
f 164 184 178
f 189 185 165
f 186 189 163
f 18 190 166
f 166 193 186
f 163 191 160
f 175 160 192
f 154 194 156
f 195 9 155
f 223 196 154
f 155 194 195
f 232 199 234
f 232 198 197
f 226 170 224
f 233 29 198
f 234 226 235
f 199 172 170
f 172 198 171
f 196 200 194
f 202 28 195
f 225 201 196
f 195 200 202
f 144 204 143
f 220 97 2
f 1 203 144
f 204 142 143
f 171 29 19
f 175 101 160
f 175 209 206
f 11 207 102
f 209 158 188
f 159 208 207
f 107 157 100
f 201 210 200
f 212 31 202
f 229 201 227
f 202 210 212
f 150 215 214
f 150 213 149
f 6 230 221
f 213 5 149
f 181 183 180
f 2 231 220
f 1 218 118
f 144 216 218
f 142 216 143
f 220 217 142
f 148 230 215
f 32 229 227
f 205 220 142
f 27 227 225
f 140 157 235
f 30 224 20
f 27 223 10
f 109 224 229
f 10 222 8
f 219 148 145
f 231 145 217
f 215 222 151
f 206 188 157
f 30 235 226
f 188 235 157
f 159 136 233
f 158 233 232
f 232 188 158
f 126 8 114
f 103 66 99
f 5 40 37
f 38 37 40
f 38 41 39
f 120 38 36
f 122 37 38
f 118 3 37
f 123 4 119
f 43 42 117
f 44 115 113
f 123 125 6
f 43 116 115
f 43 47 45
f 126 42 45
f 44 7 9
f 46 47 43
f 22 12 53
f 68 52 51
f 67 53 52
f 13 69 64
f 65 55 56
f 69 55 65
f 54 14 101
f 59 70 23
f 84 76 60
f 59 58 78
f 76 78 58
f 57 18 24
f 59 16 15
f 60 58 15
f 60 17 26
f 112 62 63
f 133 111 61
f 108 19 62
f 111 110 63
f 53 64 65
f 52 65 82
f 21 64 53
f 104 67 68
f 105 68 83
f 102 22 67
f 71 72 69
f 23 74 71
f 72 73 70
f 70 73 74
f 77 24 14
f 56 55 78
f 75 78 55
f 80 56 76
f 80 84 77
f 81 26 18
f 84 81 57
f 82 80 54
f 45 47 85
f 9 28 86
f 127 45 87
f 46 86 85
f 137 139 90
f 137 88 89
f 61 90 130
f 138 89 29
f 139 141 130
f 63 88 90
f 63 62 89
f 87 85 91
f 28 31 93
f 129 87 92
f 86 93 91
f 35 34 95
f 124 2 97
f 1 35 94
f 33 96 95
f 62 19 29
f 66 51 101
f 106 83 66
f 11 102 104
f 49 105 106
f 50 104 105
f 48 103 107
f 92 91 110
f 31 108 112
f 92 111 133
f 93 112 110
f 41 116 117
f 41 40 115
f 134 114 6
f 5 113 115
f 74 73 72
f 135 119 2
f 1 118 122
f 35 122 120
f 120 121 33
f 121 135 124
f 39 117 134
f 32 131 133
f 124 132 96
f 27 129 131
f 140 141 48
f 128 130 30
f 127 129 27
f 109 133 128
f 126 127 10
f 39 125 123
f 36 123 135
f 126 134 117
f 79 106 103
f 30 130 141
f 79 48 141
f 50 138 136
f 49 137 138
f 79 139 137
f 222 230 114
f 99 175 206
f 146 149 5
f 147 150 149
f 148 150 147
f 216 217 145
f 218 216 147
f 118 218 146
f 119 4 219
f 214 215 151
f 113 213 153
f 219 4 6
f 213 214 152
f 154 156 152
f 222 223 154
f 153 155 9
f 152 156 155
f 22 176 162
f 160 161 177
f 176 177 161
f 173 178 13
f 165 164 174
f 174 164 178
f 101 14 163
f 168 16 23
f 193 190 169
f 187 167 168
f 185 169 167
f 24 18 166
f 168 167 15
f 169 17 15
f 26 17 169
f 212 210 172
f 229 224 170
f 171 19 108
f 211 170 172
f 162 161 174
f 191 174 161
f 162 173 21
f 207 208 177
f 192 177 208
f 102 207 176
f 178 181 180
f 180 183 23
f 179 182 181
f 179 23 183
f 14 24 186
f 165 185 187
f 164 187 184
f 189 193 185
f 186 193 189
f 18 26 190
f 166 190 193
f 163 189 191
f 154 196 194
f 195 28 9
f 223 225 196
f 155 156 194
f 232 197 199
f 232 233 198
f 226 199 170
f 233 136 29
f 234 199 226
f 199 197 172
f 172 197 198
f 196 201 200
f 202 31 28
f 225 227 201
f 195 194 200
f 144 203 204
f 220 228 97
f 1 98 203
f 204 205 142
f 171 198 29
f 175 99 101
f 175 192 209
f 11 159 207
f 209 208 158
f 159 158 208
f 107 206 157
f 201 211 210
f 212 108 31
f 229 211 201
f 202 200 210
f 150 148 215
f 150 214 213
f 6 114 230
f 213 113 5
f 181 182 183
f 2 119 231
f 1 144 218
f 144 143 216
f 142 217 216
f 220 231 217
f 148 221 230
f 32 109 229
f 205 228 220
f 27 32 227
f 140 100 157
f 30 226 224
f 27 225 223
f 109 20 224
f 10 223 222
f 219 221 148
f 231 219 145
f 215 230 222
f 206 209 188
f 30 140 235
f 188 234 235
f 159 11 136
f 158 159 233
f 232 234 188