v 0.000000 0.012435 -0.735253
v 0.000000 0.012435 0.747620
v 0.000000 0.232470 -0.794666
v 0.000000 0.232471 0.792916
v 0.000000 0.263945 -0.728943
v 0.000000 0.263945 0.728942
v 0.000000 0.512717 -0.796101
v 0.000000 0.512717 0.796101
v 0.000000 0.654111 -0.563094
v 0.000000 0.654111 0.563093
v 0.000000 1.227188 -0.740888
v 0.000000 2.102197 -0.829550
v 0.000000 3.025392 -0.447620
v 0.000000 2.165497 0.210734
v 0.000000 2.858960 0.501137
v 0.000000 3.142062 0.259747
v 0.000000 2.598090 0.917750
v 0.000000 2.130675 0.649931
v 0.000000 0.982419 -0.634393
v 0.000000 0.982419 0.634393
v 0.000000 2.595027 -0.764272
v 0.000000 1.663777 -0.777610
v 0.000000 3.182949 0.046819
v 0.000000 2.210858 0.509855
v 0.000000 3.096599 -0.165742
v 0.000000 2.341308 0.851416
v 0.000000 0.796833 0.500667
v 0.000000 0.796833 -0.500667
v 0.000000 1.089319 -0.428749
v 0.000000 1.089319 0.432395
v 0.000000 0.894090 -0.511710
v 0.000000 0.894090 0.511710
v 0.545275 0.012435 0.530458
v 0.762437 0.012435 0.006183
v 0.545275 0.012435 -0.518091
v 0.558438 0.232471 0.560420
v 0.558438 0.232470 -0.562170
v 0.790934 0.232471 -0.000875
v 0.515421 0.263945 0.515440
v 0.515421 0.263945 -0.515440
v 0.728923 0.263945 -0.000000
v 0.562909 0.512717 0.562928
v 0.796082 0.512717 -0.000000
v 0.562909 0.512717 -0.562928
v 0.456418 0.654111 0.398167
v 0.456418 0.654111 -0.398167
v 0.611800 0.654111 -0.000000
v 0.140645 1.227188 0.794916
v 0.599701 1.227188 -0.088196
v 0.478484 1.227188 -0.516765
v 0.221884 2.131783 0.046754
v 0.308756 2.097043 -0.283129
v 0.216453 2.101768 -0.716129
v 0.203531 2.173496 0.202870
v 0.312791 2.728711 -0.078264
v 0.296509 2.511348 0.092167
v 0.164434 2.138877 0.643409
v 0.231444 2.856112 0.501729
v 0.238152 3.114835 0.236985
v 0.160940 2.593989 0.894988
v 0.423891 0.982419 0.448583
v 0.423891 0.982419 -0.448584
v 0.609701 0.982419 -0.000000
v 0.241771 2.580331 -0.649662
v 0.303001 2.462603 -0.324588
v 0.169134 1.678969 0.477450
v 0.244729 1.665804 -0.648642
v 0.391245 1.659477 -0.121500
v 0.312654 3.025392 -0.356859
v 0.260758 3.168747 0.037920
v 0.171798 3.308393 -0.163132
v 0.311488 3.300205 -0.135498
v 0.253868 3.366843 0.065760
v 0.188425 3.369612 0.059306
v 0.288725 3.053869 -0.061656
v 0.253188 2.619188 0.455877
v 0.164841 2.219061 0.503332
v 0.269054 2.786412 0.271201
v 0.521255 1.226878 0.467701
v 0.261513 2.320387 0.218807
v 0.169187 2.343359 0.836774
v 0.267708 2.325023 0.027598
v 0.283757 1.672428 0.294931
v 0.238770 2.427856 0.547562
v 0.519940 0.796833 -0.000000
v 0.375382 0.796833 -0.354025
v 0.375382 0.796833 0.354025
v 0.444646 1.089319 -0.037804
v 0.360719 1.089319 -0.303337
v 0.351564 1.086705 0.305128
v 0.513166 0.894090 -0.000000
v 0.363290 0.894090 0.361833
v 0.363290 0.894090 -0.361834
v 0.528923 -0.002770 -0.502691
v 0.739705 -0.002769 0.006183
v 0.528923 -0.002769 0.515058
v 0.000000 -0.002769 0.725840
v 0.000000 -0.002770 -0.713473
v 0.000000 1.678969 0.477450
v 0.000000 1.227188 0.794916
v 0.000000 2.104874 0.103548
v 0.000000 1.445482 -0.759249
v 0.154889 1.453078 0.647781
v 0.344771 1.446496 -0.582703
v 0.465919 1.443262 -0.088097
v 0.373384 1.445080 0.414219
v 0.000000 1.453078 0.647781
v 0.000000 0.932455 -0.613337
v 0.000000 0.932455 0.613337
v 0.601175 0.932455 -0.000000
v 0.421533 0.932455 0.433695
v 0.421533 0.932455 -0.433695
v 0.000000 0.317806 -0.770040
v 0.000000 0.317806 0.770039
v 0.544481 0.317806 -0.544500
v 0.770020 0.317806 -0.000000
v 0.544481 0.317806 0.544500
v 0.000000 0.080151 -0.775054
v 0.000000 0.080151 0.786290
v 0.783403 0.080151 0.005618
v 0.554750 0.080151 0.557637
v 0.554750 0.080151 -0.546400
v 0.277800 0.232471 0.676668
v 0.282671 0.012435 0.639039
v 0.257710 0.263945 0.622191
v 0.281455 0.512717 0.679515
v 0.228209 0.654111 0.480630
v 0.211946 0.982419 0.541488
v 0.187691 0.796833 0.427346
v 0.175782 1.088012 0.368761
v 0.181645 0.894090 0.436772
v 0.274495 -0.002769 0.620449
v 0.210766 0.932455 0.523516
v 0.272240 0.317806 0.657270
v 0.286262 0.080151 0.671963
v 0.000000 1.191604 -0.712222
v 0.585128 1.191604 -0.079110
v 0.464776 1.191604 -0.496764
v 0.498701 1.190770 0.462300
v 0.000000 1.191604 0.764595
v 0.140138 1.191317 0.750610
v -0.545275 0.012435 0.530458
v -0.762437 0.012435 0.006183
v -0.545275 0.012435 -0.518091
v -0.558438 0.232471 0.560420
v -0.558438 0.232470 -0.562170
v -0.790934 0.232471 -0.000875
v -0.515421 0.263945 0.515440
v -0.515421 0.263945 -0.515440
v -0.728923 0.263945 -0.000000
v -0.562909 0.512717 0.562928
v -0.796082 0.512717 -0.000000
v -0.562909 0.512717 -0.562928
v -0.456418 0.654111 0.398167
v -0.456418 0.654111 -0.398167
v -0.611800 0.654111 -0.000000
v -0.140645 1.227188 0.794916
v -0.599701 1.227188 -0.088196
v -0.478484 1.227188 -0.516765
v -0.221884 2.131783 0.046754
v -0.308756 2.097043 -0.283129
v -0.216453 2.101768 -0.716129
v -0.203531 2.173496 0.202870
v -0.312791 2.728711 -0.078264
v -0.296509 2.511348 0.092167
v -0.164434 2.138877 0.643409
v -0.231444 2.856112 0.501729
v -0.238152 3.114835 0.236985
v -0.160940 2.593989 0.894988
v -0.423891 0.982419 0.448583
v -0.423891 0.982419 -0.448584
v -0.609701 0.982419 -0.000000
v -0.241771 2.580331 -0.649662
v -0.303001 2.462603 -0.324588
v -0.169134 1.678969 0.477450
v -0.244729 1.665804 -0.648642
v -0.391245 1.659477 -0.121500
v -0.312654 3.025392 -0.356859
v -0.260758 3.168747 0.037920
v -0.171798 3.308393 -0.163132
v -0.311488 3.300205 -0.135498
v -0.253868 3.366843 0.065760
v -0.188425 3.369612 0.059306
v -0.288725 3.053869 -0.061656
v -0.253188 2.619188 0.455877
v -0.164841 2.219061 0.503332
v -0.269054 2.786412 0.271201
v -0.521255 1.226878 0.467701
v -0.261513 2.320387 0.218807
v -0.169187 2.343359 0.836774
v -0.267708 2.325023 0.027598
v -0.283757 1.672428 0.294931
v -0.238770 2.427856 0.547562
v -0.519940 0.796833 -0.000000
v -0.375382 0.796833 -0.354025
v -0.375382 0.796833 0.354025
v -0.444646 1.089319 -0.037804
v -0.360719 1.089319 -0.303337
v -0.351564 1.086705 0.305128
v -0.513166 0.894090 -0.000000
v -0.363290 0.894090 0.361833
v -0.363290 0.894090 -0.361834
v -0.528923 -0.002770 -0.502691
v -0.739705 -0.002769 0.006183
v -0.528923 -0.002769 0.515058
v -0.154889 1.453078 0.647781
v -0.344771 1.446496 -0.582703
v -0.465919 1.443262 -0.088097
v -0.373384 1.445080 0.414219
v -0.601175 0.932455 -0.000000
v -0.421533 0.932455 0.433695
v -0.421533 0.932455 -0.433695
v -0.544481 0.317806 -0.544500
v -0.770020 0.317806 -0.000000
v -0.544481 0.317806 0.544500
v -0.783403 0.080151 0.005618
v -0.554750 0.080151 0.557637
v -0.554750 0.080151 -0.546400
v -0.277800 0.232471 0.676668
v -0.282671 0.012435 0.639039
v -0.257710 0.263945 0.622191
v -0.281455 0.512717 0.679515
v -0.228209 0.654111 0.480630
v -0.211946 0.982419 0.541488
v -0.187691 0.796833 0.427346
v -0.175782 1.088012 0.368761
v -0.181645 0.894090 0.436772
v -0.274495 -0.002769 0.620449
v -0.210766 0.932455 0.523516
v -0.272240 0.317806 0.657270
v -0.286262 0.080151 0.671963
v -0.585128 1.191604 -0.079110
v -0.464776 1.191604 -0.496764
v -0.498701 1.190770 0.462300
v -0.140138 1.191317 0.750610
vn 0.3798 -0.1226 0.9169
vn 0.0000 0.6021 0.7984
vn 0.1771 0.8875 -0.4255
vn 0.1785 0.8847 -0.4307
vn 0.1770 0.8877 -0.4251
vn 0.4429 0.8776 -0.1834
vn 0.4469 0.8752 0.1851
vn 0.9235 -0.0293 0.3825
vn 0.9221 -0.0619 -0.3820
vn 0.3813 -0.1159 -0.9172
vn 0.3794 -0.1065 -0.9191
vn 0.3790 -0.1044 -0.9195
vn 0.3832 -0.0088 0.9236
vn 0.3814 -0.0306 0.9239
vn 0.3740 -0.0142 0.9273
vn 0.9169 -0.1226 0.3798
vn 0.3798 -0.1226 -0.9169
vn 0.1824 0.8792 0.4401
vn 0.1818 0.8819 0.4349
vn 0.1817 0.8824 0.4341
vn 0.9169 -0.1226 -0.3798
vn 0.5976 0.7657 0.2379
vn 0.6054 0.7563 0.2479
vn 0.6087 0.7523 0.2521
vn 0.2094 0.8152 0.5399
vn 0.2117 0.8141 0.5408
vn 0.1929 0.8234 0.5337
vn 0.2048 0.8146 -0.5427
vn 0.2084 0.8289 -0.5192
vn 0.2021 0.8039 -0.5593
vn 0.6054 0.7563 -0.2479
vn 0.5976 0.7657 -0.2379
vn 0.6087 0.7523 -0.2521
vn 0.4634 -0.1055 -0.8799
vn 0.4624 -0.1049 -0.8804
vn 0.4643 -0.1060 -0.8793
vn 0.9393 0.2552 0.2292
vn 0.9397 0.2562 0.2266
vn 0.9386 0.2531 0.2344
vn 0.9698 0.0571 -0.2372
vn 0.9688 0.0599 -0.2404
vn 0.9604 0.0828 -0.2660
vn 0.2830 0.5197 -0.8061
vn 0.3398 0.5356 -0.7731
vn 0.3855 0.5468 -0.7432
vn 0.9945 -0.1014 0.0274
vn 0.9931 -0.1136 0.0288
vn 0.9858 -0.1644 0.0346
vn 0.9943 -0.0231 -0.1046
vn 0.9920 -0.0241 -0.1243
vn 0.9804 -0.0280 -0.1948
vn 0.1441 -0.9273 0.3455
vn 0.1075 -0.9073 0.4066
vn 0.1846 -0.9439 0.2739
vn 0.9864 -0.1622 0.0280
vn 0.0913 0.9683 0.2325
vn 0.0988 0.9697 0.2235
vn 0.1292 0.9738 0.1870
vn 0.9769 0.0111 0.2135
vn 0.9753 -0.0046 0.2207
vn 0.9734 -0.0209 0.2281
vn 0.9832 0.1136 0.1432
vn 0.9851 0.1067 0.1346
vn 0.9825 0.1152 0.1465
vn 0.9821 0.0552 0.1803
vn 0.9826 0.0560 0.1768
vn 0.9769 0.0494 0.2081
vn 0.0236 -0.8676 -0.4966
vn 0.0235 -0.8677 -0.4966
vn 0.0966 0.6700 0.7361
vn 0.0579 0.6905 0.7210
vn 0.0070 0.7151 0.6990
vn 0.0735 0.8411 0.5358
vn 0.0272 0.8345 0.5503
vn 0.0962 0.8436 0.5282
vn 0.1142 -0.2390 0.9643
vn 0.1021 -0.2318 0.9674
vn 0.0867 -0.2227 0.9710
vn 0.9126 -0.1557 -0.3780
vn 0.3797 -0.3156 0.8696
vn 0.3769 -0.2865 0.8808
vn 0.3802 -0.3210 0.8674
vn 0.3747 -0.3549 -0.8565
vn 0.3762 -0.2866 -0.8811
vn 0.3763 -0.2809 -0.8829
vn 0.9126 -0.1557 0.3780
vn 0.9794 -0.0163 -0.2014
vn 0.9795 -0.0171 -0.2007
vn 0.9780 -0.0083 -0.2086
vn 0.9850 -0.0486 0.1658
vn 0.9767 -0.0897 0.1949
vn 0.9428 -0.1969 0.2690
vn 0.4402 0.1061 -0.8916
vn 0.4520 0.1120 -0.8850
vn 0.4612 0.1165 -0.8796
vn 0.9133 0.3270 -0.2430
vn 0.9252 0.3005 -0.2320
vn 0.9310 0.2866 -0.2262
vn 0.9032 0.3779 0.2035
vn 0.8935 0.4122 0.1783
vn 0.8862 0.4342 0.1617
vn 0.4610 -0.0679 -0.8848
vn 0.4585 -0.0644 -0.8863
vn 0.4551 -0.0595 -0.8884
vn 0.1995 0.6192 -0.7595
vn 0.2112 0.6215 -0.7544
vn 0.2181 0.6229 -0.7513
vn 0.9830 0.1155 0.1429
vn -0.7131 0.6780 -0.1784
vn -0.7152 0.6748 -0.1820
vn -0.7296 0.6516 -0.2076
vn 0.9609 -0.0056 0.2768
vn 0.9609 -0.0057 0.2768
vn 0.9609 -0.0059 0.2767
vn 0.0010 -0.1055 0.9944
vn -0.0391 -0.1197 0.9920
vn 0.0288 -0.0956 0.9950
vn 0.9940 -0.0658 0.0869
vn 0.0513 -0.9871 0.1518
vn 0.0480 -0.9870 0.1536
vn 0.0448 -0.9868 0.1554
vn 0.9929 0.0229 0.1170
vn 0.9932 0.0248 0.1141
vn 0.9935 0.0274 0.1102
vn 0.9936 0.0690 0.0896
vn 0.9928 0.0685 0.0983
vn 0.9948 0.0699 0.0739
vn 0.9899 -0.0703 0.1233
vn 0.9932 -0.0540 0.1029
vn 0.9961 -0.0363 0.0808
vn 0.9111 -0.3723 0.1770
vn 0.9129 -0.3665 0.1796
vn 0.9093 -0.3778 0.1744
vn 0.0682 -0.6885 0.7220
vn 0.0657 -0.6875 0.7232
vn 0.0630 -0.6865 0.7244
vn 0.9713 -0.2314 0.0556
vn 0.9707 -0.2378 0.0358
vn 0.9400 -0.2973 -0.1675
vn 0.9518 -0.2911 0.0968
vn 0.9520 -0.2900 0.0979
vn 0.9626 -0.2114 0.1697
vn 0.7931 0.3688 0.4848
vn 0.7843 0.5336 0.3164
vn 0.7944 0.5203 0.3133
vn 0.7789 0.5406 0.3180
vn 0.3294 0.3920 -0.8590
vn 0.3116 0.4252 -0.8498
vn 0.3059 0.4355 -0.8466
vn 0.3208 0.4215 0.8482
vn 0.3154 0.4267 0.8476
vn 0.3317 0.4112 0.8491
vn 0.7843 0.5336 -0.3164
vn 0.7944 0.5203 -0.3133
vn 0.7990 0.5142 -0.3118
vn 0.5778 -0.8056 0.1313
vn 0.5335 -0.8404 0.0949
vn 0.6113 -0.7750 0.1600
vn 0.5412 -0.8245 -0.1655
vn 0.5361 -0.8292 -0.1583
vn 0.5327 -0.8323 -0.1535
vn 0.2010 0.8458 0.4941
vn 0.2016 0.8464 0.4930
vn 0.2094 0.8532 0.4777
vn 0.1464 -0.9151 -0.3758
vn 0.1513 -0.9229 -0.3542
vn 0.1554 -0.9292 -0.3353
vn 0.1970 -0.9221 0.3330
vn 0.1970 -0.9222 0.3328
vn 0.1533 -0.8839 0.4417
vn 0.5396 0.8235 0.1751
vn 0.5829 0.7804 0.2264
vn 0.6011 0.7594 0.2490
vn 0.5901 0.7796 -0.2096
vn 0.6189 0.7463 -0.2450
vn 0.5633 0.8068 -0.1780
vn 0.9211 0.0810 0.3807
vn 0.9234 0.0674 0.3779
vn 0.9206 0.0839 0.3813
vn 0.3771 -0.0930 -0.9215
vn 0.3661 -0.0403 -0.9297
vn 0.3637 -0.0295 -0.9310
vn 0.3758 -0.0553 0.9251
vn 0.3685 -0.0397 0.9288
vn 0.3805 -0.0657 0.9224
vn 0.9211 0.0810 -0.3807
vn 0.9234 0.0674 -0.3779
vn 0.9239 0.0643 -0.3772
vn 0.5418 -0.8100 -0.2244
vn 0.2150 -0.8002 0.5599
vn 0.2148 -0.8008 0.5591
vn 0.2224 -0.7995 -0.5580
vn 0.2214 -0.8012 -0.5560
vn 0.2224 -0.7994 -0.5581
vn 0.5418 -0.8100 0.2244
vn 0.1889 0.8425 -0.5045
vn 0.1949 0.8603 -0.4711
vn 0.1841 0.8281 -0.5294
vn 0.0236 0.6648 0.7466
vn 0.0872 0.6766 0.7312
vn 0.0000 0.6597 0.7515
vn 0.7011 0.4665 0.5392
vn 0.7030 0.4696 0.5341
vn 0.6700 0.4195 0.6124
vn 0.4450 -0.0548 -0.8939
vn 0.4317 -0.0284 -0.9016
vn 0.4241 -0.0137 -0.9055
vn 0.8310 0.5380 0.1410
vn 0.8178 0.5618 0.1247
vn 0.8091 0.5764 0.1145
vn 0.8522 0.4769 -0.2154
vn 0.8381 0.4966 -0.2257
vn 0.8266 0.5119 -0.2338
vn 0.0000 0.5458 0.8379
vn 0.3942 -0.9044 0.1633
vn 0.1491 -0.9243 -0.3514
vn 0.1510 -0.9191 -0.3640
vn 0.1515 -0.9177 -0.3672
vn 0.1534 -0.9191 0.3628
vn 0.1507 -0.9200 0.3617
vn 0.1460 -0.9238 0.3541
vn 0.3942 -0.9044 -0.1633
vn 0.7551 -0.5762 0.3128
vn 0.7551 -0.5762 -0.3128
vn 0.3128 -0.5762 0.7551
vn 0.3128 -0.5762 -0.7551
vn 0.0838 0.9542 -0.2871
vn 0.1023 0.9557 -0.2759
vn 0.1097 0.9562 -0.2714
vn 0.3247 -0.4338 0.8405
vn 0.3272 -0.4627 0.8239
vn 0.3242 -0.4275 0.8439
vn 0.3352 -0.4722 -0.8153
vn 0.3384 -0.4091 -0.8474
vn 0.3386 -0.4029 -0.8503
vn 0.8875 -0.2779 -0.3676
vn 0.8890 -0.2722 0.3682
vn 0.3523 -0.3961 0.8479
vn 0.3544 -0.4190 0.8360
vn 0.3517 -0.3906 0.8507
vn 0.1486 -0.9243 0.3515
vn 0.1488 -0.9251 0.3492
vn 0.2293 -0.8006 0.5536
vn 0.2278 -0.8028 0.5510
vn 0.2278 -0.8029 0.5508
vn 0.3746 -0.0937 0.9224
vn 0.3677 -0.0779 0.9267
vn 0.3793 -0.1044 0.9194
vn 0.0147 -0.6815 0.7317
vn 0.0487 -0.7523 0.6570
vn 0.0000 -0.6486 0.7612
vn 0.1923 0.8613 0.4703
vn 0.1918 0.8610 0.4711
vn 0.2009 0.8658 0.4582
vn 0.3244 0.3983 0.8580
vn 0.3206 0.3916 0.8625
vn 0.3143 0.3804 0.8698
vn 0.3741 -0.3550 0.8567
vn 0.3717 -0.3274 0.8687
vn 0.3745 -0.3601 0.8544
vn 0.2019 0.8300 0.5200
vn 0.2024 0.8304 0.5192
vn 0.2101 0.8358 0.5072
vn 0.1825 0.8790 0.4405
vn 0.3889 -0.0204 0.9210
vn 0.3916 -0.0263 0.9197
vn 0.6099 0.4951 0.6188
vn 0.6032 0.4562 0.6542
vn 0.5941 0.4124 0.6906
vn 0.0769 -0.9588 0.2735
vn 0.0448 -0.9569 0.2870
vn 0.0274 -0.9554 0.2942
vn 0.5530 -0.4737 0.6854
vn 0.4775 -0.6788 0.5579
vn 0.5583 -0.4527 0.6952
vn 0.3487 -0.5596 -0.7518
vn 0.3430 -0.5880 -0.7326
vn 0.3427 -0.5894 -0.7316
vn 0.8706 -0.4235 -0.2506
vn 0.8534 -0.4619 -0.2416
vn 0.8524 -0.4639 -0.2411
vn 0.8370 -0.5311 0.1320
vn 0.9255 -0.3553 0.1310
vn 0.9287 -0.3469 0.1309
vn -0.3798 -0.1226 0.9169
vn -0.1785 0.8847 -0.4307
vn -0.1771 0.8875 -0.4255
vn -0.1770 0.8877 -0.4251
vn -0.4429 0.8776 -0.1834
vn -0.4469 0.8752 0.1851
vn -0.9235 -0.0293 0.3825
vn -0.9235 -0.0294 0.3825
vn -0.9221 -0.0619 -0.3820
vn -0.3813 -0.1159 -0.9172
vn -0.3794 -0.1065 -0.9191
vn -0.3817 -0.1180 -0.9167
vn -0.3814 -0.0306 0.9239
vn -0.3832 -0.0088 0.9236
vn -0.3740 -0.0142 0.9273
vn -0.9169 -0.1226 0.3798
vn -0.3798 -0.1226 -0.9169
vn -0.1824 0.8792 0.4401
vn -0.1818 0.8819 0.4349
vn -0.1825 0.8790 0.4405
vn -0.9169 -0.1226 -0.3798
vn -0.6054 0.7563 0.2479
vn -0.5976 0.7657 0.2379
vn -0.6087 0.7523 0.2521
vn -0.2094 0.8152 0.5399
vn -0.2117 0.8141 0.5408
vn -0.2262 0.8066 0.5460
vn -0.2048 0.8146 -0.5427
vn -0.2084 0.8289 -0.5192
vn -0.2101 0.8358 -0.5072
vn -0.5976 0.7657 -0.2379
vn -0.6054 0.7563 -0.2479
vn -0.6087 0.7523 -0.2521
vn -0.4634 -0.1055 -0.8799
vn -0.4624 -0.1049 -0.8804
vn -0.4614 -0.1044 -0.8810
vn -0.9397 0.2562 0.2266
vn -0.9393 0.2552 0.2292
vn -0.9386 0.2531 0.2344
vn -0.9698 0.0571 -0.2372
vn -0.9688 0.0599 -0.2404
vn -0.9776 0.0312 -0.2081
vn -0.3398 0.5356 -0.7731
vn -0.2830 0.5197 -0.8061
vn -0.3855 0.5468 -0.7432
vn -0.9931 -0.1136 0.0288
vn -0.9945 -0.1014 0.0274
vn -0.9858 -0.1644 0.0346
vn -0.9920 -0.0241 -0.1243
vn -0.9943 -0.0231 -0.1046
vn -0.9804 -0.0280 -0.1948
vn -0.1075 -0.9073 0.4066
vn -0.1441 -0.9273 0.3455
vn -0.1846 -0.9439 0.2739
vn -0.9864 -0.1622 0.0280
vn -0.0913 0.9683 0.2325
vn -0.0988 0.9697 0.2235
vn -0.0615 0.9616 0.2674
vn -0.9769 0.0111 0.2135
vn -0.9753 -0.0046 0.2207
vn -0.9780 0.0255 0.2069
vn -0.9851 0.1067 0.1346
vn -0.9832 0.1136 0.1432
vn -0.9825 0.1152 0.1465
vn -0.9821 0.0552 0.1803
vn -0.9826 0.0560 0.1768
vn -0.9878 0.0632 0.1421
vn -0.0236 -0.8676 -0.4966
vn -0.0235 -0.8677 -0.4966
vn -0.0966 0.6700 0.7361
vn -0.0579 0.6905 0.7210
vn -0.1453 0.6419 0.7529
vn -0.0735 0.8411 0.5358
vn -0.0272 0.8345 0.5503
vn -0.0088 0.8313 0.5557
vn -0.1021 -0.2318 0.9674
vn -0.1142 -0.2390 0.9643
vn -0.0867 -0.2227 0.9710
vn -0.9126 -0.1557 -0.3780
vn -0.3797 -0.3156 0.8696
vn -0.3769 -0.2865 0.8808
vn -0.3763 -0.2809 0.8829
vn -0.3762 -0.2866 -0.8811
vn -0.3747 -0.3549 -0.8565
vn -0.3763 -0.2809 -0.8829
vn -0.9126 -0.1557 0.3780
vn -0.9794 -0.0163 -0.2014
vn -0.9795 -0.0171 -0.2007
vn -0.9807 -0.0250 -0.1938
vn -0.9767 -0.0897 0.1949
vn -0.9850 -0.0486 0.1658
vn -0.9428 -0.1969 0.2690
vn -0.4520 0.1120 -0.8850
vn -0.4402 0.1061 -0.8916
vn -0.4612 0.1165 -0.8796
vn -0.9133 0.3270 -0.2430
vn -0.9252 0.3005 -0.2320
vn -0.9074 0.3393 -0.2481
vn -0.8935 0.4122 0.1783
vn -0.9032 0.3779 0.2035
vn -0.8862 0.4342 0.1617
vn -0.4610 -0.0679 -0.8848
vn -0.4585 -0.0644 -0.8863
vn -0.4654 -0.0742 -0.8820
vn -0.2112 0.6215 -0.7544
vn -0.1995 0.6192 -0.7595
vn -0.2181 0.6229 -0.7513
vn -0.9830 0.1155 0.1429
vn 0.7152 0.6748 -0.1820
vn 0.7131 0.6780 -0.1784
vn 0.7296 0.6516 -0.2076
vn -0.9609 -0.0057 0.2768
vn -0.9609 -0.0056 0.2768
vn -0.9609 -0.0059 0.2767
vn -0.0010 -0.1055 0.9944
vn 0.0391 -0.1197 0.9920
vn 0.1031 -0.1419 0.9845
vn -0.9940 -0.0658 0.0869
vn -0.0480 -0.9870 0.1536
vn -0.0513 -0.9871 0.1518
vn -0.0448 -0.9868 0.1554
vn -0.9929 0.0229 0.1170
vn -0.9932 0.0248 0.1141
vn -0.9925 0.0204 0.1208
vn -0.9928 0.0685 0.0983
vn -0.9936 0.0690 0.0896
vn -0.9948 0.0699 0.0739
vn -0.9899 -0.0703 0.1233
vn -0.9932 -0.0540 0.1029
vn -0.9860 -0.0859 0.1429
vn -0.9129 -0.3665 0.1796
vn -0.9111 -0.3723 0.1770
vn -0.9093 -0.3778 0.1744
vn -0.0657 -0.6875 0.7232
vn -0.0682 -0.6885 0.7220
vn -0.0630 -0.6865 0.7244
vn -0.9707 -0.2378 0.0358
vn -0.9713 -0.2314 0.0556
vn -0.9400 -0.2973 -0.1675
vn -0.9520 -0.2900 0.0979
vn -0.9518 -0.2911 0.0968
vn -0.9626 -0.2114 0.1697
vn -0.7931 0.3688 0.4848
vn -0.7843 0.5336 0.3164
vn -0.7944 0.5203 0.3133
vn -0.7990 0.5142 0.3118
vn -0.3116 0.4252 -0.8498
vn -0.3294 0.3920 -0.8590
vn -0.3059 0.4355 -0.8466
vn -0.3208 0.4215 0.8482
vn -0.3154 0.4267 0.8476
vn -0.3059 0.4355 0.8466
vn -0.7843 0.5336 -0.3164
vn -0.7944 0.5203 -0.3133
vn -0.7789 0.5406 -0.3180
vn -0.5778 -0.8056 0.1313
vn -0.5335 -0.8404 0.0949
vn -0.5163 -0.8525 0.0811
vn -0.5412 -0.8245 -0.1655
vn -0.5361 -0.8292 -0.1583
vn -0.5461 -0.8197 -0.1726
vn -0.2016 0.8464 0.4930
vn -0.2010 0.8458 0.4941
vn -0.2094 0.8532 0.4777
vn -0.1464 -0.9151 -0.3758
vn -0.1513 -0.9229 -0.3542
vn -0.1401 -0.9045 -0.4029
vn -0.1970 -0.9221 0.3330
vn -0.1970 -0.9222 0.3328
vn -0.2187 -0.9366 0.2738
vn -0.5829 0.7804 0.2264
vn -0.5396 0.8235 0.1751
vn -0.6011 0.7594 0.2490
vn -0.5901 0.7796 -0.2096
vn -0.6189 0.7463 -0.2450
vn -0.6321 0.7293 -0.2618
vn -0.9211 0.0810 0.3807
vn -0.9234 0.0674 0.3779
vn -0.9239 0.0643 0.3772
vn -0.3661 -0.0403 -0.9297
vn -0.3771 -0.0930 -0.9215
vn -0.3637 -0.0295 -0.9310
vn -0.3758 -0.0553 0.9251
vn -0.3685 -0.0397 0.9288
vn -0.3637 -0.0295 0.9310
vn -0.9211 0.0810 -0.3807
vn -0.9234 0.0674 -0.3779
vn -0.9206 0.0839 -0.3813
vn -0.5418 -0.8100 -0.2244
vn -0.2150 -0.8002 0.5599
vn -0.2148 -0.8008 0.5591
vn -0.2147 -0.8008 0.5591
vn -0.2224 -0.7995 -0.5580
vn -0.2214 -0.8012 -0.5560
vn -0.2214 -0.8012 -0.5559
vn -0.5418 -0.8100 0.2244
vn -0.1889 0.8425 -0.5045
vn -0.1949 0.8603 -0.4711
vn -0.1982 0.8697 -0.4521
vn -0.0236 0.6648 0.7466
vn -0.0872 0.6766 0.7312
vn -0.1036 0.6791 0.7267
vn -0.7030 0.4696 0.5341
vn -0.7011 0.4665 0.5392
vn -0.6700 0.4195 0.6124
vn -0.4450 -0.0548 -0.8939
vn -0.4317 -0.0284 -0.9016
vn -0.4547 -0.0746 -0.8875
vn -0.8178 0.5618 0.1247
vn -0.8310 0.5380 0.1410
vn -0.8091 0.5764 0.1145
vn -0.8522 0.4769 -0.2154
vn -0.8381 0.4966 -0.2257
vn -0.8617 0.4628 -0.2080
vn -0.3942 -0.9044 0.1633
vn -0.1510 -0.9191 -0.3640
vn -0.1491 -0.9243 -0.3514
vn -0.1515 -0.9177 -0.3672
vn -0.1507 -0.9200 0.3617
vn -0.1534 -0.9191 0.3628
vn -0.1460 -0.9238 0.3541
vn -0.3942 -0.9044 -0.1633
vn -0.7551 -0.5762 0.3128
vn -0.7551 -0.5762 -0.3128
vn -0.3128 -0.5762 0.7551
vn -0.3128 -0.5762 -0.7551
vn -0.1023 0.9557 -0.2759
vn -0.0838 0.9542 -0.2871
vn -0.1097 0.9562 -0.2714
vn -0.3272 -0.4627 0.8239
vn -0.3247 -0.4338 0.8405
vn -0.3242 -0.4275 0.8439
vn -0.3352 -0.4722 -0.8153
vn -0.3384 -0.4091 -0.8474
vn -0.3348 -0.4775 -0.8124
vn -0.8875 -0.2779 -0.3676
vn -0.8890 -0.2722 0.3682
vn -0.3544 -0.4190 0.8360
vn -0.3523 -0.3961 0.8479
vn -0.3517 -0.3906 0.8507
vn -0.1486 -0.9243 0.3515
vn -0.2278 -0.8028 0.5510
vn -0.2293 -0.8006 0.5536
vn -0.2278 -0.8029 0.5508
vn -0.3746 -0.0937 0.9224
vn -0.3677 -0.0779 0.9267
vn -0.3630 -0.0675 0.9293
vn -0.0147 -0.6815 0.7317
vn -0.0487 -0.7523 0.6570
vn -0.0610 -0.7761 0.6276
vn -0.1918 0.8610 0.4711
vn -0.1923 0.8613 0.4703
vn -0.2009 0.8658 0.4582
vn -0.3206 0.3916 0.8625
vn -0.3244 0.3983 0.8580
vn -0.3143 0.3804 0.8698
vn -0.3741 -0.3550 0.8567
vn -0.3717 -0.3274 0.8687
vn -0.3712 -0.3220 0.8709
vn -0.2024 0.8304 0.5192
vn -0.2019 0.8300 0.5200
vn -0.2101 0.8358 0.5072
vn -0.3889 -0.0204 0.9210
vn -0.3916 -0.0263 0.9197
vn -0.6032 0.4562 0.6542
vn -0.6099 0.4951 0.6188
vn -0.5941 0.4124 0.6906
vn -0.0769 -0.9588 0.2735
vn -0.0448 -0.9569 0.2870
vn -0.0898 -0.9592 0.2679
vn -0.5530 -0.4737 0.6854
vn -0.4775 -0.6788 0.5579
vn -0.4732 -0.6873 0.5511
vn -0.3487 -0.5596 -0.7518
vn -0.3430 -0.5880 -0.7326
vn -0.3491 -0.5577 -0.7530
vn -0.8706 -0.4235 -0.2506
vn -0.8534 -0.4619 -0.2416
vn -0.8716 -0.4211 -0.2512
vn -0.9255 -0.3553 0.1310
vn -0.8370 -0.5311 0.1320
vn -0.9287 -0.3469 0.1309
vn 0.1786 0.8844 -0.4312
vn 0.9235 -0.0294 0.3825
vn 0.3817 -0.1180 -0.9167
vn 0.3857 -0.0401 0.9217
vn 0.5923 0.7719 0.2311
vn 0.2262 0.8066 0.5460
vn 0.2101 0.8358 -0.5072
vn 0.5923 0.7719 -0.2311
vn 0.4614 -0.1044 -0.8810
vn 0.9405 0.2587 0.2204
vn 0.9776 0.0312 -0.2081
vn 0.2404 0.5065 -0.8281
vn 0.9981 -0.0573 0.0223
vn 0.9996 -0.0183 -0.0200
vn 0.0532 -0.8692 0.4916
vn 0.0615 0.9616 0.2674
vn 0.9780 0.0255 0.2069
vn 0.9860 0.1062 0.1288
vn 0.9878 0.0632 0.1421
vn 0.0236 -0.8676 -0.4967
vn 0.1453 0.6419 0.7529
vn 0.0088 0.8313 0.5557
vn 0.1295 -0.2480 0.9601
vn 0.3763 -0.2809 0.8829
vn 0.3745 -0.3601 -0.8544
vn 0.9807 -0.0250 -0.1938
vn 0.9935 0.0282 0.1106
vn 0.4312 0.1017 -0.8965
vn 0.9074 0.3393 -0.2481
vn 0.9100 0.3489 0.2240
vn 0.4654 -0.0742 -0.8820
vn 0.1874 0.6167 -0.7646
vn -0.6917 0.7078 -0.1431
vn 0.9609 -0.0055 0.2769
vn -0.1031 -0.1419 0.9845
vn 0.0550 -0.9872 0.1497
vn 0.9925 0.0204 0.1208
vn 0.9913 0.0676 0.1129
vn 0.9860 -0.0859 0.1429
vn 0.9142 -0.3622 0.1816
vn 0.0707 -0.6895 0.7208
vn 0.9658 -0.1897 0.1769
vn 0.9292 -0.3691 0.0212
vn 0.7990 0.5142 0.3118
vn 0.3370 0.3773 -0.8626
vn 0.3059 0.4355 0.8466
vn 0.7789 0.5406 -0.3180
vn 0.5163 -0.8525 0.0811
vn 0.5461 -0.8197 -0.1726
vn 0.1916 0.8373 0.5121
vn 0.1401 -0.9045 -0.4029
vn 0.2187 -0.9366 0.2738
vn 0.5140 0.8453 0.1460
vn 0.6321 0.7293 -0.2618
vn 0.9239 0.0643 0.3772
vn 0.3793 -0.1044 -0.9194
vn 0.3637 -0.0295 0.9310
vn 0.9206 0.0839 -0.3813
vn 0.2147 -0.8008 0.5591
vn 0.2214 -0.8012 -0.5559
vn 0.1982 0.8697 -0.4521
vn 0.1036 0.6791 0.7267
vn 0.7317 0.5198 0.4409
vn 0.4547 -0.0746 -0.8875
vn 0.8403 0.5202 0.1529
vn 0.8617 0.4628 -0.2080
vn 0.1488 -0.9251 -0.3492
vn 0.1553 -0.9182 0.3644
vn 0.0695 0.9528 -0.2956
vn 0.3277 -0.4685 0.8204
vn 0.3348 -0.4775 -0.8124
vn 0.3548 -0.4240 0.8333
vn 0.2294 -0.8004 0.5538
vn 0.3630 -0.0675 0.9293
vn 0.0610 -0.7761 0.6276
vn 0.1819 0.8555 0.4849
vn 0.3712 -0.3220 0.8709
vn 0.6169 0.5549 0.5581
vn 0.0898 -0.9592 0.2679
vn 0.4732 -0.6873 0.5511
vn 0.3491 -0.5577 -0.7530
vn 0.8716 -0.4211 -0.2512
vn 0.8317 -0.5392 0.1319
vn -0.1786 0.8844 -0.4312
vn -0.3790 -0.1044 -0.9195
vn -0.3857 -0.0401 0.9217
vn -0.1817 0.8824 0.4341
vn -0.5923 0.7719 0.2311
vn -0.1929 0.8234 0.5337
vn -0.2021 0.8039 -0.5593
vn -0.5923 0.7719 -0.2311
vn -0.4643 -0.1060 -0.8793
vn -0.9405 0.2587 0.2204
vn -0.9604 0.0828 -0.2660
vn -0.2404 0.5065 -0.8281
vn -0.9981 -0.0573 0.0223
vn -0.9996 -0.0183 -0.0200
vn -0.0532 -0.8692 0.4916
vn -0.1292 0.9738 0.1870
vn -0.9734 -0.0209 0.2281
vn -0.9860 0.1062 0.1288
vn -0.9769 0.0494 0.2081
vn -0.0236 -0.8676 -0.4967
vn -0.0070 0.7151 0.6990
vn -0.0962 0.8436 0.5282
vn -0.1295 -0.2480 0.9601
vn -0.3802 -0.3210 0.8674
vn -0.3745 -0.3601 -0.8544
vn -0.9780 -0.0083 -0.2086
vn -0.9935 0.0282 0.1106
vn -0.4312 0.1017 -0.8965
vn -0.9310 0.2866 -0.2262
vn -0.9100 0.3489 0.2240
vn -0.4551 -0.0595 -0.8884
vn -0.1874 0.6167 -0.7646
vn 0.6917 0.7078 -0.1431
vn -0.9609 -0.0055 0.2769
vn -0.0288 -0.0956 0.9950
vn -0.0550 -0.9872 0.1497
vn -0.9935 0.0274 0.1102
vn -0.9913 0.0676 0.1129
vn -0.9961 -0.0363 0.0808
vn -0.9142 -0.3622 0.1816
vn -0.0707 -0.6895 0.7208
vn -0.9658 -0.1897 0.1769
vn -0.9292 -0.3691 0.0212
vn -0.7789 0.5406 0.3180
vn -0.3370 0.3773 -0.8626
vn -0.3317 0.4112 0.8491
vn -0.7990 0.5142 -0.3118
vn -0.6113 -0.7750 0.1600
vn -0.5327 -0.8323 -0.1535
vn -0.1916 0.8373 0.5121
vn -0.1554 -0.9292 -0.3353
vn -0.1533 -0.8839 0.4417
vn -0.5140 0.8453 0.1460
vn -0.5633 0.8068 -0.1780
vn -0.9206 0.0839 0.3813
vn -0.3793 -0.1044 -0.9194
vn -0.3805 -0.0657 0.9224
vn -0.9239 0.0643 -0.3772
vn -0.2224 -0.7994 -0.5581
vn -0.1841 0.8281 -0.5294
vn -0.7317 0.5198 0.4409
vn -0.4241 -0.0137 -0.9055
vn -0.8403 0.5202 0.1529
vn -0.8266 0.5119 -0.2338
vn -0.1488 -0.9251 -0.3492
vn -0.1553 -0.9182 0.3644
vn -0.0695 0.9528 -0.2956
vn -0.3277 -0.4685 0.8204
vn -0.3386 -0.4029 -0.8503
vn -0.3548 -0.4240 0.8333
vn -0.1488 -0.9251 0.3492
vn -0.2294 -0.8004 0.5538
vn -0.3793 -0.1044 0.9194
vn -0.1819 0.8555 0.4849
vn -0.3745 -0.3601 0.8544
vn -0.6169 0.5549 0.5581
vn -0.0274 -0.9554 0.2942
vn -0.5583 -0.4527 0.6952
vn -0.3427 -0.5894 -0.7316
vn -0.8524 -0.4639 -0.2411
vn -0.8317 -0.5392 0.1319
f 126 1 114 1 134 1
f 103 2 99 2 107 2
f 5 3 37 4 3 5
f 38 6 40 6 41 6
f 38 7 39 7 36 7
f 120 8 36 8 121 8
f 122 9 38 9 120 9
f 118 10 37 11 122 12
f 123 13 119 14 135 15
f 43 16 117 16 116 16
f 44 17 113 17 7 17
f 123 18 6 19 4 20
f 43 21 115 21 44 21
f 43 22 45 23 42 24
f 126 25 45 26 127 27
f 44 28 9 29 46 30
f 46 31 43 32 44 33
f 22 34 53 35 67 36
f 68 37 51 38 83 39
f 67 40 52 41 68 42
f 13 43 64 44 21 45
f 65 46 56 47 82 48
f 69 49 65 50 64 51
f 54 52 101 53 51 54
f 82 55 56 55 80 55
f 59 56 23 57 16 58
f 84 59 60 60 81 61
f 59 62 78 63 75 64
f 76 65 58 66 60 67
f 57 68 24 68 77 69
f 59 70 15 71 58 72
f 60 73 15 74 17 75
f 60 76 26 77 81 78
f 112 79 63 79 110 79
f 133 80 61 81 128 82
f 108 83 62 84 112 85
f 111 86 63 86 61 86
f 53 87 65 88 52 89
f 52 90 82 91 51 92
f 21 93 53 94 12 95
f 104 96 68 97 105 98
f 105 99 83 100 106 101
f 102 102 67 103 104 104
f 71 105 69 106 13 107
f 75 64 70 108 59 62
f 23 109 71 110 13 111
f 72 112 70 113 75 114
f 70 115 74 116 23 117
f 69 118 72 118 75 118
f 77 119 14 120 54 121
f 56 122 78 123 76 124
f 75 125 55 126 69 127
f 80 128 76 129 84 130
f 80 131 77 132 54 133
f 81 134 18 135 57 136
f 84 137 57 138 77 139
f 82 140 54 141 51 142
f 66 143 83 143 51 143
f 45 144 85 145 87 146
f 9 147 86 148 46 149
f 127 150 87 151 129 152
f 46 153 85 154 47 155
f 137 156 90 157 88 158
f 137 159 89 160 138 161
f 61 162 130 163 128 164
f 138 165 29 166 136 167
f 139 168 130 169 90 170
f 63 171 90 172 61 173
f 63 174 89 175 88 176
f 87 177 91 178 92 179
f 28 180 93 181 86 182
f 129 183 92 184 131 185
f 86 186 91 187 85 188
f 35 189 95 189 94 189
f 124 190 97 191 132 190
f 1 192 94 193 98 194
f 33 195 95 195 34 195
f 62 196 29 197 89 198
f 66 199 101 200 99 201
f 106 202 66 203 103 204
f 11 205 104 206 50 207
f 49 208 106 209 79 210
f 50 211 105 212 49 213
f 48 214 107 214 100 214
f 92 215 110 215 111 215
f 31 216 112 217 93 218
f 92 219 133 220 131 221
f 93 222 110 222 91 222
f 41 223 117 223 39 223
f 41 224 115 224 116 224
f 134 225 6 225 125 225
f 5 226 115 226 40 226
f 74 227 72 228 71 229
f 135 230 2 231 124 232
f 1 233 122 234 35 235
f 35 236 120 236 34 236
f 120 237 33 237 34 237
f 121 238 124 239 33 240
f 39 225 134 225 125 225
f 32 241 133 220 109 242
f 124 243 96 244 33 245
f 27 246 131 247 32 248
f 140 249 48 250 100 251
f 128 252 30 253 20 254
f 127 255 27 256 10 257
f 109 258 128 259 20 260
f 126 261 10 262 8 263
f 39 264 123 18 36 264
f 36 265 135 15 121 266
f 126 1 117 1 42 1
f 79 267 103 268 48 269
f 30 270 141 271 140 272
f 79 273 141 274 139 275
f 50 276 136 277 11 278
f 49 279 138 280 50 281
f 79 282 137 283 49 284
f 222 285 114 285 8 285
f 99 2 206 2 107 2
f 146 286 5 287 3 288
f 147 289 149 289 146 289
f 148 290 147 290 145 290
f 216 291 145 291 147 292
f 218 293 147 293 146 293
f 118 294 146 295 3 296
f 119 297 219 298 231 299
f 214 300 151 300 152 300
f 113 301 153 301 7 301
f 219 302 6 303 221 304
f 213 305 152 305 153 305
f 154 306 152 307 151 308
f 222 309 154 310 151 311
f 153 312 9 313 7 314
f 152 315 155 316 153 317
f 22 318 162 319 12 320
f 160 321 177 322 192 323
f 176 324 161 325 162 326
f 173 327 13 328 21 329
f 165 330 174 331 191 332
f 174 333 178 334 173 335
f 101 336 163 337 160 338
f 191 339 189 339 165 339
f 168 340 23 341 179 342
f 193 343 169 344 185 345
f 187 346 168 347 184 348
f 185 349 167 350 187 351
f 24 352 166 352 186 353
f 168 354 15 355 16 356
f 169 357 15 358 167 359
f 26 360 169 361 190 362
f 212 363 172 363 171 363
f 229 364 170 365 211 366
f 171 367 108 368 212 369
f 211 370 172 370 210 370
f 162 371 174 372 173 373
f 191 374 161 375 160 376
f 162 377 21 378 12 379
f 207 380 177 381 176 382
f 192 383 208 384 209 385
f 102 386 176 387 22 388
f 178 389 180 390 13 391
f 184 348 168 347 179 392
f 180 393 23 394 13 395
f 179 396 181 397 184 398
f 179 399 183 400 182 401
f 178 402 184 402 181 402
f 14 403 186 404 163 405
f 165 406 187 407 164 408
f 164 409 184 410 178 411
f 189 412 185 413 165 414
f 186 415 189 416 163 417
f 18 418 190 419 166 420
f 166 421 193 422 186 423
f 163 424 191 425 160 426
f 175 427 160 427 192 427
f 154 428 194 429 156 430
f 195 431 9 432 155 433
f 223 434 196 435 154 436
f 155 437 194 438 195 439
f 232 440 199 441 234 442
f 232 443 198 444 197 445
f 226 446 170 447 224 448
f 233 449 29 450 198 451
f 234 452 226 453 235 454
f 199 455 172 456 170 457
f 172 458 198 459 171 460
f 196 461 200 462 194 463
f 202 464 28 465 195 466
f 225 467 201 468 196 469
f 195 470 200 471 202 472
f 144 473 204 473 143 473
f 220 474 97 475 2 476
f 1 477 203 478 144 479
f 204 480 142 480 143 480
f 171 481 29 482 19 483
f 175 484 101 485 160 486
f 175 487 209 488 206 489
f 11 490 207 491 102 492
f 209 493 158 494 188 495
f 159 496 208 497 207 498
f 107 214 157 214 100 214
f 201 499 210 499 200 499
f 212 500 31 501 202 502
f 229 503 201 504 227 505
f 202 506 210 506 212 506
f 150 507 215 507 214 507
f 150 508 213 508 149 508
f 6 509 230 509 221 509
f 213 510 5 510 149 510
f 181 511 183 512 180 513
f 2 514 231 515 220 516
f 1 517 218 518 118 519
f 144 520 216 520 218 520
f 142 521 216 521 143 521
f 220 522 217 523 142 524
f 148 509 230 509 215 509
f 32 525 229 503 227 505
f 205 526 220 527 142 528
f 27 529 227 530 225 531
f 140 532 157 533 235 534
f 30 535 224 536 20 537
f 27 538 223 539 10 540
f 109 541 224 542 229 543
f 10 544 222 545 8 546
f 219 302 148 304 145 304
f 231 299 145 547 217 548
f 215 285 222 285 151 285
f 206 549 188 550 157 551
f 30 552 235 553 226 554
f 188 555 235 556 157 557
f 159 558 136 559 233 560
f 158 561 233 562 232 563
f 232 564 188 565 158 566
f 126 1 8 1 114 1
f 103 2 66 2 99 2
f 5 3 40 567 37 4
f 38 6 37 6 40 6
f 38 7 41 7 39 7
f 120 8 38 568 36 8
f 122 9 37 9 38 9
f 118 10 3 569 37 11
f 123 13 4 570 119 14
f 43 16 42 16 117 16
f 44 17 115 17 113 17
f 123 18 125 264 6 19
f 43 21 116 21 115 21
f 43 22 47 571 45 23
f 126 25 42 572 45 26
f 44 28 7 573 9 29
f 46 31 47 574 43 32
f 22 34 12 575 53 35
f 68 37 52 576 51 38
f 67 40 53 577 52 41
f 13 43 69 578 64 44
f 65 46 55 579 56 47
f 69 49 55 580 65 50
f 54 52 14 581 101 53
f 59 56 70 582 23 57
f 84 59 76 583 60 60
f 59 62 58 584 78 63
f 76 65 78 585 58 66
f 57 68 18 586 24 68
f 59 70 16 587 15 71
f 60 73 58 588 15 74
f 60 76 17 589 26 77
f 112 79 62 79 63 79
f 133 80 111 590 61 81
f 108 83 19 591 62 84
f 111 86 110 86 63 86
f 53 87 64 592 65 88
f 52 90 65 593 82 91
f 21 93 64 594 53 94
f 104 96 67 595 68 97
f 105 99 68 596 83 100
f 102 102 22 597 67 103
f 71 105 72 598 69 106
f 23 109 74 599 71 110
f 72 112 73 600 70 113
f 70 115 73 601 74 116
f 77 119 24 602 14 120
f 56 122 55 603 78 123
f 75 125 78 604 55 126
f 80 128 56 605 76 129
f 80 131 84 606 77 132
f 81 134 26 607 18 135
f 84 137 81 608 57 138
f 82 140 80 609 54 141
f 45 144 47 610 85 145
f 9 147 28 611 86 148
f 127 150 45 612 87 151
f 46 153 86 613 85 154
f 137 156 139 614 90 157
f 137 159 88 615 89 160
f 61 162 90 616 130 163
f 138 165 89 617 29 166
f 139 168 141 618 130 169
f 63 171 88 619 90 172
f 63 174 62 620 89 175
f 87 177 85 621 91 178
f 28 180 31 622 93 181
f 129 183 87 623 92 184
f 86 186 93 624 91 187
f 35 189 34 189 95 189
f 124 190 2 625 97 191
f 1 192 35 626 94 193
f 33 195 96 195 95 195
f 62 196 19 627 29 197
f 66 199 51 628 101 200
f 106 202 83 629 66 203
f 11 205 102 630 104 206
f 49 208 105 631 106 209
f 50 211 104 632 105 212
f 48 214 103 214 107 214
f 92 215 91 215 110 215
f 31 216 108 633 112 217
f 92 219 111 634 133 220
f 93 222 112 222 110 222
f 41 223 116 223 117 223
f 41 224 40 224 115 224
f 134 225 114 225 6 225
f 5 226 113 226 115 226
f 74 227 73 635 72 228
f 135 230 119 636 2 231
f 1 233 118 637 122 234
f 35 236 122 236 120 236
f 120 237 121 237 33 237
f 121 238 135 638 124 239
f 39 225 117 225 134 225
f 32 241 131 221 133 220
f 124 243 132 639 96 244
f 27 246 129 640 131 247
f 140 249 141 641 48 250
f 128 252 130 642 30 253
f 127 255 129 152 27 256
f 109 258 133 643 128 259
f 126 261 127 27 10 262
f 39 264 125 264 123 18
f 36 265 123 13 135 15
f 126 1 134 1 117 1
f 79 267 106 644 103 268
f 30 270 130 645 141 271
f 79 273 48 646 141 274
f 50 276 138 647 136 277
f 49 279 137 648 138 280
f 79 282 139 649 137 283
f 222 285 230 285 114 285
f 99 2 175 2 206 2
f 146 286 149 650 5 287
f 147 289 150 289 149 289
f 148 290 150 290 147 290
f 216 291 217 291 145 291
f 218 293 216 293 147 293
f 118 294 218 651 146 295
f 119 297 4 652 219 298
f 214 300 215 300 151 300
f 113 301 213 301 153 301
f 219 302 4 653 6 303
f 213 305 214 305 152 305
f 154 306 156 654 152 307
f 222 309 223 655 154 310
f 153 312 155 656 9 313
f 152 315 156 657 155 316
f 22 318 176 658 162 319
f 160 321 161 659 177 322
f 176 324 177 660 161 325
f 173 327 178 661 13 328
f 165 330 164 662 174 331
f 174 333 164 663 178 334
f 101 336 14 664 163 337
f 168 340 16 665 23 341
f 193 343 190 666 169 344
f 187 346 167 667 168 347
f 185 349 169 668 167 350
f 24 352 18 669 166 352
f 168 354 167 670 15 355
f 169 357 17 671 15 358
f 26 360 17 672 169 361
f 212 363 210 363 172 363
f 229 364 224 673 170 365
f 171 367 19 674 108 368
f 211 370 170 370 172 370
f 162 371 161 675 174 372
f 191 374 174 676 161 375
f 162 377 173 677 21 378
f 207 380 208 678 177 381
f 192 383 177 679 208 384
f 102 386 207 680 176 387
f 178 389 181 681 180 390
f 180 393 183 682 23 394
f 179 396 182 683 181 397
f 179 399 23 684 183 400
f 14 403 24 685 186 404
f 165 406 185 686 187 407
f 164 409 187 687 184 410
f 189 412 193 688 185 413
f 186 415 193 689 189 416
f 18 418 26 690 190 419
f 166 421 190 691 193 422
f 163 424 189 692 191 425
f 154 428 196 693 194 429
f 195 431 28 694 9 432
f 223 434 225 695 196 435
f 155 437 156 696 194 438
f 232 440 197 697 199 441
f 232 443 233 698 198 444
f 226 446 199 699 170 447
f 233 449 136 700 29 450
f 234 452 199 701 226 453
f 199 455 197 702 172 456
f 172 458 197 703 198 459
f 196 461 201 704 200 462
f 202 464 31 705 28 465
f 225 467 227 706 201 468
f 195 470 194 707 200 471
f 144 473 203 473 204 473
f 220 474 228 474 97 475
f 1 477 98 708 203 478
f 204 480 205 480 142 480
f 171 481 198 709 29 482
f 175 484 99 201 101 485
f 175 487 192 710 209 488
f 11 490 159 711 207 491
f 209 493 208 712 158 494
f 159 496 158 713 208 497
f 107 214 206 214 157 214
f 201 499 211 499 210 499
f 212 500 108 714 31 501
f 229 503 211 715 201 504
f 202 506 200 506 210 506
f 150 507 148 507 215 507
f 150 508 214 508 213 508
f 6 509 114 509 230 509
f 213 510 113 510 5 510
f 181 511 182 716 183 512
f 2 514 119 717 231 515
f 1 517 144 718 218 518
f 144 520 143 520 216 520
f 142 521 217 521 216 521
f 220 522 231 719 217 523
f 148 509 221 509 230 509
f 32 525 109 720 229 503
f 205 526 228 721 220 527
f 27 529 32 722 227 530
f 140 532 100 251 157 533
f 30 535 226 723 224 536
f 27 538 225 695 223 539
f 109 541 20 724 224 542
f 10 544 223 655 222 545
f 219 302 221 304 148 304
f 231 299 219 298 145 547
f 215 285 230 285 222 285
f 206 549 209 725 188 550
f 30 552 140 726 235 553
f 188 555 234 727 235 556
f 159 558 11 728 136 559
f 158 561 159 729 233 562
f 232 564 234 730 188 565